  3.846153846153843E-008  4.006921564816133E-008  4.174409310913047E-008
  4.348897978949357E-008  4.530680204709749E-008  4.720060856039658E-008
  4.917357544140554E-008  5.122901156237325E-008  5.337036410510704E-008
  5.560122434225905E-008  5.792533366026641E-008  6.034658983404780E-008
  6.286905356398171E-008  6.549695528612600E-008  6.823470226710191E-008
  7.108688599554339E-008  7.405828988250422E-008  7.715389728373883E-008
  8.037889985731380E-008  8.373870627056182E-008  8.723895127098279E-008
  9.088550513630805E-008  9.468448351956893E-008  9.864225770569010E-008
  1.027654652968013E-007  1.070610213441905E-007  1.115361299455722E-007
  1.161982963271129E-007  1.210553394304812E-007  1.261154050260347E-007
  1.313869793741285E-007  1.368789034574647E-007  1.426003878083466E-007
  1.485610279557063E-007  1.547708205178132E-007  1.612401799676495E-007
  1.679799560990748E-007  1.750014522230656E-007  1.823164441245533E-007
  1.899371998116500E-007  1.978765000903842E-007  2.061476599994511E-007
  2.147645511409282E-007  2.237416249444077E-007  2.330939369035557E-007
  2.428371718257548E-007  2.529876701371709E-007  2.635624552873581E-007
  2.745792622993695E-007  2.860565675132496E-007  2.980136195727920E-007
  3.104704717075351E-007  3.234480153641264E-007  3.369680152434698E-007
  3.510531458024121E-007  3.657270292811801E-007  3.810142753203549E-007
  3.969405222338206E-007  4.135324800069003E-007  4.308179750918029E-007
  4.488259970754992E-007  4.675867472983007E-007  4.871316895046675E-007
  5.074936026112093E-007  5.287066356803622E-007  5.508063651919493E-007
  5.738298547086607E-007  5.978157170355353E-007  6.228041789776852E-007
  6.488371488048581E-007  6.759582865360008E-007  7.042130771616907E-007
  7.336489069272255E-007  7.643151428043279E-007  7.962632152847301E-007
  8.295467046344971E-007  8.642214307537551E-007  9.003455467925055E-007
  9.379796366795573E-007  9.771868167281300E-007  1.018032841488516E-006
  1.060586214025360E-006  1.104918300804480E-006  1.151103451381906E-006
  1.199219123095877E-006  1.249346010970922E-006  1.301568183051865E-006
  1.355973221394762E-006  1.412652368951171E-006  1.471700682592152E-006
  1.533217192528615E-006  1.597305068395341E-006  1.664071792277286E-006
  1.733629338968308E-006  1.806094363764618E-006  1.881588398107949E-006
  1.960238053406518E-006  2.042175233375624E-006  2.127537355254019E-006
  2.216467580267001E-006  2.309115053722799E-006  2.405635155144903E-006
  2.506189758859786E-006  2.610947505477123E-006  2.720084084717792E-006
  2.833782530063916E-006  2.952233525725207E-006  3.075635726436404E-006
  3.204196090622012E-006  3.338130227487360E-006  3.477662758617769E-006
  3.623027694692514E-006  3.774468827945284E-006  3.932240141029272E-006
  4.096606232972718E-006  4.267842762939239E-006  4.446236912537095E-006
  4.632087867452866E-006  4.825707319217238E-006  5.027419987944282E-006
  5.237564166921222E-006  5.456492289961697E-006  5.684571522474132E-006
  5.922184377236749E-006  6.169729355911470E-006  6.427621617373021E-006
  6.696293673973899E-006  6.976196116912865E-006  7.267798371923637E-006
  7.571589486551085E-006  7.888078950335152E-006  8.217797549278242E-006
  8.561298256029039E-006  8.919157157275441E-006  9.291974419902520E-006
  9.680375297535120E-006  1.008501117915379E-005  1.050656068154244E-005
  1.094573078739967E-005  1.140325803102295E-005  1.187990973355387E-005
  1.237648528985602E-005  1.289381750918398E-005  1.343277401189188E-005
  1.399425868452335E-005  1.457921319572437E-005  1.518861857552002E-005
  1.582349686060471E-005  1.648491280840498E-005  1.717397568278905E-005
  1.789184111441881E-005  1.863971303886349E-005  1.941884571572577E-005
  2.023054583216655E-005  2.107617469435651E-005  2.195715051052881E-005
  2.287495076946340E-005  2.383111471839039E-005  2.482724594446868E-005
  2.586501506417028E-005  2.694616252507876E-005  2.807250152480242E-005
  2.924592105189688E-005  3.046838905389657E-005  3.174195573776919E-005
  3.306875700832780E-005  3.445101805036674E-005  3.589105706052997E-005
  3.739128913516998E-005  3.895423032071686E-005  4.058250183335277E-005
  4.227883445506551E-005  4.404607311345631E-005  4.588718165298193E-005
  4.780524780563194E-005  4.980348836937914E-005  5.188525460308718E-005
  5.405403784692239E-005  5.631347537769746E-005  5.866735650896623E-005
  6.111962894609861E-005  6.367440540699771E-005  6.633597051955766E-005
  6.910878800743401E-005  7.199750817617660E-005  7.500697571227867E-005
  7.814223780822411E-005  8.140855262715879E-005  8.481139812138045E-005
  8.835648121943921E-005  9.204974739725551E-005  9.589739064930470E-005
  9.990586387659725E-005  1.040818897088682E-004  1.084324717791324E-004
  1.129649064695122E-004  1.176867951480330E-004  1.226060569169157E-004
  1.277309418937409E-004  1.330700450477602E-004  1.386323206145607E-004
  1.444270971132569E-004  1.504640929913952E-004  1.567534329238080E-004
  1.633056647927552E-004  1.701317773778291E-004  1.772432187852880E-004
  1.846519156477311E-004  1.923702931263110E-004  2.004112957490328E-004
  2.087884091200818E-004  2.175156825365966E-004  2.266077525508137E-004
  2.360798675170978E-004  2.459479131650314E-004  2.562284392414476E-004
  2.669386872660924E-004  2.780966194474567E-004  2.897209488072855E-004
  3.018311705642752E-004  3.144475948296004E-004  3.275913806690968E-004
  3.412845715892331E-004  3.555501325063836E-004  3.704119882613972E-004
  3.858950637440644E-004  4.020253256947693E-004  4.188298262534373E-004
  4.363367483288051E-004  4.545754528641146E-004  4.735765280784943E-004
  4.933718407666040E-004  5.139945897425930E-004  5.354793615179889E-004
  5.578621883069066E-004  5.811806084558417E-004  6.054737293994170E-004
  6.307822932476452E-004  6.571487451147243E-004  6.846173043039348E-004
  7.132340384680493E-004  7.430469408696189E-004  7.741060108706969E-004
  8.064633377870150E-004  8.401731882472218E-004  8.752920972037128E-004
  9.118789627476635E-004  9.499951448873038E-004  9.897045684550895E-004
  1.031073830316336E-003  1.074172311059148E-003  1.119072291352935E-003
  1.165849073170675E-003  1.214581106078208E-003  1.265350118802385E-003
  1.318241256298703E-003  1.373343222548336E-003  1.430748429323987E-003
  1.490553151174126E-003  1.552857686885508E-003  1.617766527694735E-003
  1.685388532531020E-003  1.755837110584016E-003  1.829230411502926E-003
  1.905691523545831E-003  1.985348680011612E-003  2.068335474300623E-003
  2.154791083964843E-003  2.244860504123193E-003  2.338694790633565E-003
  2.436451313429330E-003  2.538294020445196E-003  2.644393712575089E-003
  2.754928330123146E-003  2.870083251228275E-003  2.990051602762693E-003
  3.115034584225951E-003  3.245241805177594E-003  3.380891636774333E-003
  3.522211578001383E-003  3.669438637212092E-003  3.822819729615821E-003
  3.982612091380586E-003  4.149083711045103E-003  4.322513778963637E-003
  4.503193155537523E-003  4.691424859018498E-003  4.887524573702089E-003
  5.091821179363291E-003  5.304657302822368E-003  5.526389892565983E-003
  5.757390817387188E-003  5.998047490048423E-003  6.248763517013259E-003
  6.509959375336756E-003  6.782073117849609E-003  7.065561107818581E-003
  7.360898784315573E-003  7.668581459578767E-003  7.989125149703213E-003
  8.323067440053811E-003  8.670968386852385E-003  9.033411456450632E-003
  9.411004503864404E-003  9.804380792210196E-003  1.021420005475380E-002
  1.064114960135220E-002  1.108594547114415E-002  1.154933363342287E-002
  1.203209123870479E-002  1.253502792209242E-002  1.305898716111720E-002
  1.360484769033976E-002  1.417352497508000E-002  1.476597274674814E-002
  1.538318460235247E-002  1.602619567086555E-002  1.669608434924413E-002
  1.739397411101366E-002  1.812103539045133E-002  1.887848754552692E-002
  1.966760090289406E-002  2.048969888836095E-002  2.134616024641431E-002
  2.223842135251843E-002  2.316797862206722E-002  2.413639102002974E-002
  2.514528267549785E-002  2.619634560552103E-002  2.729134255279610E-002
  2.843210994197158E-002  2.962056095952444E-002  3.085868876237411E-002
  3.214856982061568E-002  3.349236739997778E-002  3.489233518984619E-002
  3.635082108293687E-002  3.787027111295820E-002  3.945323355686592E-002
  4.110236320859084E-002  4.282042583140615E-002  4.461030279640254E-002
  4.647499591484965E-002  4.841763247254785E-002  5.044147047461454E-002
  5.254990410950006E-002  5.474646944139784E-002  5.703485034059412E-002
  5.941888466170477E-002  6.190257068016011E-002  6.449007379773115E-002
  6.718573352834552E-002  6.999407077590672E-002  7.291979541632451E-002
  7.596781419646957E-002  7.914323896330278E-002  8.245139523697821E-002
  8.589783114229904E-002  8.948832671350357E-002  9.322890358798887E-002
  9.712583510522822E-002  0.101185656827818       0.105415177502302     
  0.109821490478153       0.114411985604062       0.119194361621491     
  0.124176639076268       0.129367173769883       0.134774670773044     
  0.140408199024992       0.146277206543061       0.152391536267999     
  0.158761442571604       0.165397608454384       0.172311163462071     
  0.179513702351030       0.187017304533886       0.194834554337960     
  0.202978562110509       0.211462986206153       0.220302055893362     
  0.229510595218435       0.239104047866979       0.249098503064588     
  0.259510722560159       0.270358168737103       0.281659033899594     
  0.293432270782966       0.305697624339441       0.318475664852481     
  0.331787822435307       0.345656422971449       0.360104725557593     
  0.375156961511518       0.390838375010564       0.407175265428758     
  0.424195031443618       0.441926216986616       0.460398559114336     
  0.479643037880633       0.499691928293438       0.520578854443319     
  0.542338845894616       0.565008396433687       0.588625525272805     
  0.613229840812375       0.638862607068369       0.665566812876396     
  0.693387243988498       0.722370558183547       0.752565363517220     
  0.784022299842823       0.816794123739607       0.850935796991106     
  0.886504578761797       0.923560121626712       0.962164571615074     
   1.00238267243570        1.04428187405896        1.08793244583750     
   1.13340759435526        1.18078358620261        1.23013987588340     
   1.28155923906854        1.33512791141940        1.39093573321413     
   1.44907630001915        1.50964711965879        1.57274977574608     
   1.63849009804915        1.70697833997882        1.77832936349515     
   1.85266283174296        1.93010340973949        2.01078097345069     
   2.09483082760681        2.18239393262264        2.27361714100288     
   2.36865344362922        2.46766222634203        2.57080953724714     
   2.67826836519594        2.79021892990582        2.90684898420743     
   3.02835412892601        3.15493814092435        3.28681331485798     
   3.42420081921562        3.56733106724180        3.71644410336413     
   3.87179000577293        4.03362930582850        4.20223342499962     
   4.37788513006578        4.56087900734660        4.75152195675412     
   4.95013370649604        5.15704734929337        5.37260990101199     
   5.59718288264453        5.83114292661891        6.07488240845056     
   6.32881010479711        6.59335187901984        6.86895139540107     
   7.15607086321568        7.45519181190455        7.76681589864989     
   8.09146574970684        8.42968583690259        8.78204339077267     
   9.14912935186590        9.53155936181381        9.92997479582599     
   10.3450438383437        10.7774626036553        11.2279563033523     
   11.6972804625861        12.1862221871621        12.6956014835989     
   13.2262726343655        13.7791256306020        14.3550876647282     
   14.9551246854427        15.5802430177197        16.2314910505221     
   16.9099609950589        17.6167907165383        18.3531656424871     
   19.1203207508363        19.9195426411091        20.7521716921831     
   21.6196043102456        22.5232952707139        23.4647601580457     
   24.4455779075332        25.4673934533428        26.5319204872428     
   27.6409443326432        28.7963249387711        30.0000000000000     
